0 0.327344 0.091667 0.042188 0.183333
0 0.192969 0.097917 0.014063 0.054167
0 0.205469 0.214583 0.014063 0.054167
0 0.350000 0.252083 0.018750 0.054167
0 0.664062 0.256250 0.037500 0.025000
0 0.217969 0.331250 0.014063 0.054167
0 0.231250 0.447917 0.012500 0.054167
0 0.242969 0.547917 0.014063 0.054167
0 0.255469 0.664583 0.014063 0.054167
0 0.268750 0.781250 0.012500 0.054167
0 0.403906 0.867708 0.014063 0.060417
0 0.281250 0.897917 0.012500 0.054167
0 0.426563 0.950000 0.012500 0.058333
0 0.298438 0.984375 0.025000 0.031250
